0.065556
0.064071
0.063850
0.056795
0.053624
0.054054
0.056196
0.055480
0.054746
0.054859
0.056015
0.055214
0.054899
0.054563
0.055643
0.053705
0.053531
0.053611
0.054938
0.055774
0.059618
0.053487
0.054522
0.057160
0.055399
0.058101
0.057061
0.053139
0.053940
0.054563
0.054987
0.056188
0.053684
0.052884
0.056326
0.056726
0.054374
0.054382
0.059035
0.054142
0.060110
0.053889
0.053616
0.056816
0.053630
0.054694
0.052815
0.054107
0.057206
0.053073
0.055450
0.053710
0.057400
0.055904
0.053375
0.056815
0.053829
0.056254
0.053792
0.053229
0.054513
0.054178
0.057703
0.054373
0.054359
0.057422
0.055526
0.059921
0.057736
0.054076
0.057440
0.055073
0.056795
0.053622
0.052624
0.058132
0.055340
0.054681
0.053040
0.057053
0.053968
0.055414
0.055145
0.054220
0.056565
0.054582
0.053572
0.054842
0.055172
0.059283
0.055823
0.057788
0.053529
0.054126
0.057392
0.055439
0.056926
0.056527
0.053542
0.055465
