0.033912
0.040220
0.043637
0.037774
0.037133
0.036178
0.032397
0.034535
0.032721
0.033011
0.033044
0.034554
0.033297
0.031833
0.033780
0.032986
0.032327
0.035029
0.034618
0.033081
0.031913
0.032237
0.032542
0.034607
0.032480
0.032326
0.036181
0.034418
0.033177
0.032667
0.031645
0.033789
0.034053
0.032076
0.033895
0.032534
0.034184
0.032569
0.034153
0.033335
0.032622
0.034625
0.031960
0.033588
0.032424
0.033278
0.034342
0.033553
0.033499
0.032159
0.032586
0.031222
0.031893
0.031885
0.032208
0.034698
0.032522
0.037199
0.032791
0.032414
0.033138
0.032008
0.034181
0.032486
0.034493
0.032047
0.032724
0.034439
0.032109
0.035258
0.032140
0.032131
0.032086
0.034528
0.034212
0.032123
0.032614
0.035057
0.032603
0.034176
0.032497
0.035025
0.032040
0.030936
0.032726
0.031986
0.033414
0.032712
0.034639
0.034563
0.031607
0.033486
0.031627
0.032402
0.032897
0.035789
0.032605
0.032534
0.034603
0.031830
