0.037707
0.037467
0.042148
0.033938
0.032023
0.031553
0.032166
0.035833
0.032161
0.031709
0.034389
0.032433
0.037052
0.033675
0.031969
0.035644
0.032614
0.032526
0.034031
0.035520
0.031965
0.035236
0.033512
0.033511
0.033807
0.032147
0.033467
0.031427
0.032245
0.032644
0.031731
0.036035
0.032698
0.032501
0.033828
0.033789
0.032230
0.032389
0.032215
0.033863
0.032116
0.033270
0.031914
0.031916
0.034271
0.032312
0.033887
0.033023
0.032124
0.032451
0.031808
0.031983
0.033739
0.033669
0.032373
0.031931
0.033936
0.033928
0.035026
0.032462
0.033782
0.032212
0.032716
0.032320
0.032004
0.034311
0.032033
0.046948
0.032000
0.032280
0.031339
0.034276
0.031810
0.032290
0.032061
0.034153
0.036458
0.032875
0.032559
0.034049
0.032431
0.033114
0.033194
0.034545
0.033922
0.032419
0.032241
0.035446
0.032105
0.033873
0.035044
0.031774
0.033631
0.031593
0.032255
0.031861
0.032910
0.033690
0.031542
0.034281
