0.064000
0.059461
0.067765
0.055711
0.053972
0.062347
0.062876
0.063150
0.053235
0.055067
0.054524
0.060615
0.053574
0.053220
0.057592
0.052965
0.057046
0.052483
0.052930
0.054982
0.052439
0.054853
0.052684
0.053457
0.054757
0.052366
0.058334
0.056866
0.052751
0.057992
0.058078
0.060317
0.052759
0.052667
0.055758
0.055453
0.055020
0.053695
0.052643
0.056554
0.053729
0.055841
0.053309
0.052290
0.055654
0.054730
0.053860
0.052575
0.055013
0.060193
0.057605
0.056906
0.054694
0.053782
0.058997
0.052847
0.056329
0.052184
0.052226
0.057264
0.054005
0.055218
0.052438
0.053020
0.056246
0.052740
0.056876
0.053326
0.055466
0.060122
0.053537
0.055555
0.052745
0.054812
0.059267
0.054035
0.055837
0.053154
0.053791
0.055356
0.052535
0.053674
0.051433
0.052396
0.054950
0.054371
0.054605
0.059125
0.059949
0.057538
0.053290
0.056522
0.054749
0.052815
0.057917
0.052299
0.054579
0.053436
0.051921
0.056278
