0.074836
0.073852
0.078310
0.072095
0.085352
0.073030
0.072309
0.070974
0.072926
0.074130
0.074085
0.073046
0.076311
0.075248
0.074093
0.072947
0.071753
0.073337
0.072023
0.071749
0.071505
0.073367
0.072532
0.072932
0.072249
0.073373
0.073750
0.072688
0.071145
0.072236
0.073722
0.071368
0.072309
0.073501
0.072755
0.072676
0.073126
0.074406
0.077382
0.072372
0.072483
0.072720
0.074159
0.074466
0.073158
0.074417
0.074721
0.071537
0.072131
0.071653
0.072665
0.072438
0.072071
0.072702
0.072966
0.072933
0.073154
0.073082
0.072153
0.071848
0.072236
0.071666
0.076557
0.072258
0.071495
0.071577
0.073602
0.073084
0.073036
0.073489
0.071842
0.072127
0.072906
0.071700
0.072195
0.071924
0.072682
0.071841
0.072727
0.073793
0.072639
0.072005
0.072624
0.072494
0.072292
0.071236
0.072114
0.071918
0.072434
0.072424
0.072353
0.073656
0.072364
0.072578
0.071972
0.073138
0.073951
0.073283
0.071867
0.072176