0.051233
0.049645
0.048892
0.049196
0.048594
0.059643
0.049202
0.049259
0.048964
0.049156
0.050208
0.052667
0.049470
0.050264
0.048752
0.048928
0.051605
0.048316
0.048551
0.049103
0.048604
0.050694
0.050473
0.049005
0.049507
0.048759
0.049518
0.049125
0.048749
0.049392
0.048623
0.049440
0.049455
0.048872
0.048736
0.048841
0.049791
0.049037
0.049135
0.048774
0.050901
0.051338
0.048681
0.048572
0.049121
0.048571
0.049518
0.048732
0.048495
0.049219
0.048540
0.048953
0.048450
0.049088
0.049093
0.051070
0.051297
0.051020
0.048554
0.048902
0.048805
0.050332
0.049450
0.051127
0.065023
0.051552
0.052581
0.049952
0.048333
0.048376
0.049069
0.048880
0.049973
0.049990
0.048931
0.048930
0.049203
0.049032
0.048781
0.049741
0.049304
0.049295
0.048855
0.049671
0.050591
0.047565
0.049119
0.052502
0.049544
0.049539
0.048816
0.049674
0.049163
0.049239
0.049809
0.049496
0.049241
0.048808
0.048575
0.048915