0.049983
0.048449
0.047891
0.048363
0.048419
0.052140
0.048084
0.048282
0.048446
0.048565
0.048144
0.049106
0.049457
0.048293
0.048304
0.049973
0.048121
0.047790
0.049183
0.048072
0.048409
0.050808
0.048101
0.048684
0.049511
0.047730
0.049198
0.048980
0.048198
0.047919
0.049143
0.049828
0.048670
0.048016
0.048269
0.047889
0.048905
0.047988
0.047751
0.048436
0.048596
0.048166
0.048613
0.048493
0.047909
0.048047
0.048252
0.048372
0.048492
0.048490
0.048240
0.048512
0.048095
0.049844
0.049701
0.048056
0.047403
0.047147
0.047532
0.047760
0.047874
0.049376
0.048959
0.047690
0.048966
0.047683
0.048071
0.050603
0.048234
0.048201
0.048044
0.048183
0.049746
0.048064
0.048626
0.048620
0.048448
0.049661
0.048362
0.048393
0.048786
0.047772
0.048979
0.047884
0.048300
0.049093
0.048136
0.048772
0.048216
0.048754
0.048340
0.047773
0.048632
0.048581
0.048690
0.048859
0.048603
0.048926
0.047661
0.048639