0.078705
0.073074
0.084598
0.070970
0.082916
0.070805
0.076076
0.071451
0.072673
0.071126
0.071229
0.072106
0.072011
0.071130
0.072775
0.071632
0.069548
0.071253
0.071703
0.072168
0.071482
0.070173
0.071866
0.071512
0.072235
0.071904
0.074176
0.072496
0.074294
0.071842
0.072438
0.071964
0.072128
0.072624
0.074707
0.073630
0.076360
0.071499
0.072215
0.075070
0.076097
0.073138
0.072980
0.071825
0.071928
0.071584
0.071075
0.072725
0.071893
0.073261
0.072884
0.071853
0.072677
0.074329
0.073365
0.070858
0.071487
0.072515
0.072374
0.072441
0.072510
0.071063
0.072083
0.072121
0.072423
0.071873
0.074489
0.074954
0.071753
0.072989
0.072189
0.072240
0.072132
0.071086
0.075548
0.074326
0.073918
0.075139
0.072911
0.074511
0.072238
0.070793
0.072784
0.071524
0.072179
0.078295
0.072371
0.070934
0.071658
0.072245
0.075161
0.073865
0.071008
0.071091
0.071379
0.072178
0.072957
0.071126
0.071304
0.071139