0.022176
0.022097
0.021802
0.020061
0.019367
0.017685
0.018848
0.017603
0.019199
0.018279
0.020101
0.018197
0.018324
0.019347
0.018066
0.019035
0.019361
0.017759
0.017642
0.020919
0.019624
0.017630
0.018369
0.017604
0.020744
0.018334
0.017933
0.017845
0.018195
0.019711
0.018251
0.018003
0.019738
0.018002
0.018936
0.017781
0.019065
0.017659
0.020891
0.018340
0.018104
0.019293
0.018604
0.018003
0.017749
0.020246
0.019720
0.017916
0.018789
0.018103
0.018341
0.018157
0.018850
0.017995
0.020179
0.019152
0.017860
0.018732
0.018152
0.018745
0.017142
0.019194
0.018416
0.018311
0.019181
0.017728
0.018003
0.017946
0.018449
0.017769
0.019351
0.018006
0.018861
0.018699
0.017850
0.017693
0.017676
0.018486
0.018701
0.019248
0.019255
0.019737
0.018149
0.017889
0.017991
0.017946
0.018898
0.018842
0.019460
0.017776
0.020306
0.019329
0.018864
0.017791
0.017945
0.020620
0.018339
0.018285
0.017910
0.018046
