0.028025
0.028435
0.029335
0.027095
0.024124
0.026836
0.027915
0.028105
0.027867
0.026694
0.024564
0.024648
0.024040
0.024916
0.024667
0.025367
0.024323
0.024161
0.024805
0.024207
0.024349
0.024994
0.024432
0.025192
0.023886
0.024131
0.025019
0.024512
0.024865
0.024375
0.024090
0.025259
0.023719
0.023917
0.024238
0.024127
0.024362
0.024420
0.024449
0.024893
0.024410
0.024171
0.024524
0.024132
0.024815
0.024956
0.023935
0.024542
0.024201
0.025108
0.024394
0.024403
0.024726
0.024083
0.024095
0.024763
0.024181
0.024966
0.023885
0.024064
0.024879
0.024443
0.027462
0.025002
0.024186
0.025382
0.024312
0.025078
0.026145
0.024435
0.025486
0.025164
0.024759
0.026186
0.024570
0.025427
0.024028
0.024390
0.026328
0.025195
0.026021
0.024366
0.024680
0.025252
0.024861
0.024337
0.025295
0.024209
0.026104
0.025535
0.024602
0.025512
0.024427
0.025850
0.025830
0.025277
0.025491
0.024613
0.024389
0.025956
