0.022508
0.017977
0.017928
0.017945
0.023237
0.019851
0.017752
0.019389
0.018879
0.018876
0.018494
0.018320
0.017528
0.018112
0.018615
0.018747
0.019204
0.019088
0.018144
0.018529
0.018481
0.017692
0.018231
0.017935
0.019317
0.018938
0.019527
0.018899
0.018230
0.018195
0.017868
0.018674
0.017969
0.018213
0.020232
0.018724
0.019818
0.017574
0.017786
0.017914
0.018147
0.018887
0.017488
0.019906
0.019410
0.018870
0.017691
0.017696
0.017773
0.017881
0.018626
0.017965
0.019116
0.019649
0.019531
0.017775
0.017946
0.018736
0.018522
0.019075
0.017875
0.019025
0.019944
0.019485
0.018955
0.017855
0.017948
0.017878
0.018338
0.019950
0.018934
0.019871
0.018210
0.018016
0.018185
0.017704
0.018036
0.018515
0.018636
0.018910
0.019368
0.018998
0.018397
0.018523
0.018460
0.018100
0.020199
0.017650
0.019833
0.017836
0.018102
0.018299
0.018447
0.017903
0.018147
0.018842
0.017834
0.019825
0.019402
0.019023
