0.029176
0.028513
0.027652
0.024751
0.028624
0.024504
0.025458
0.026158
0.025307
0.025217
0.026592
0.023891
0.024856
0.026501
0.025256
0.027135
0.025455
0.024184
0.025305
0.023961
0.027144
0.023805
0.024643
0.024865
0.024724
0.024169
0.025385
0.024274
0.025033
0.023378
0.024524
0.024336
0.023766
0.024179
0.024213
0.024856
0.023858
0.024110
0.024378
0.024762
0.024235
0.024753
0.024488
0.024379
0.025773
0.023712
0.023959
0.023849
0.023622
0.025541
0.024967
0.024593
0.026740
0.024439
0.024853
0.024065
0.023669
0.024309
0.023554
0.024147
0.024093
0.024329
0.023253
0.023655
0.024087
0.024794
0.024662
0.024491
0.024578
0.025245
0.023954
0.024338
0.023787
0.024753
0.025312
0.025116
0.024179
0.024497
0.024864
0.025450
0.024373
0.025547
0.023657
0.024635
0.026117
0.024714
0.024172
0.025645
0.024651
0.028111
0.024112
0.025054
0.025886
0.026158
0.025641
0.024896
0.023859
0.026109
0.024352
0.026573
