0.073691
0.075291
0.079800
0.063683
0.074496
0.074895
0.074800
0.066791
0.063064
0.064472
0.062764
0.064788
0.066832
0.061714
0.062047
0.070799
0.062283
0.062267
0.062933
0.065683
0.062922
0.063161
0.062690
0.067502
0.063753
0.067442
0.065778
0.065173
0.064878
0.067488
0.062942
0.062379
0.067834
0.061931
0.063683
0.062353
0.062886
0.064327
0.062359
0.063558
0.066366
0.063780
0.061527
0.065448
0.065650
0.063075
0.063634
0.063978
0.065939
0.060685
0.063785
0.063598
0.063705
0.062840
0.064903
0.062249
0.064832
0.065147
0.062863
0.062662
0.064473
0.063650
0.064573
0.061366
0.069743
0.062226
0.065678
0.061401
0.065657
0.065109
0.061823
0.068434
0.062724
0.066468
0.065828
0.064873
0.062633
0.069544
0.062409
0.063747
0.062387
0.065977
0.063100
0.062244
0.062565
0.068538
0.065219
0.062566
0.068217
0.066754
0.066807
0.065435
0.062620
0.067501
0.068351
0.064334
0.063039
0.067802
0.060691
0.064430
