0.052459
0.060029
0.061739
0.056601
0.052384
0.059376
0.064499
0.061800
0.059097
0.053057
0.054203
0.051213
0.052525
0.051761
0.053566
0.055715
0.051210
0.051319
0.051693
0.050991
0.058045
0.053164
0.050492
0.055261
0.051454
0.050898
0.052453
0.051903
0.051439
0.053423
0.053604
0.052531
0.051379
0.050433
0.055558
0.050714
0.050868
0.050499
0.052020
0.053105
0.051697
0.050848
0.053195
0.052356
0.051295
0.056629
0.051274
0.052176
0.052820
0.051517
0.052258
0.051040
0.050164
0.054335
0.050325
0.050499
0.052861
0.050589
0.054331
0.050607
0.049856
0.053399
0.050871
0.053699
0.052818
0.050815
0.051795
0.051077
0.052517
0.051546
0.051116
0.053757
0.052567
0.052467
0.050493
0.053984
0.052114
0.052484
0.051685
0.051168
0.052150
0.050484
0.055272
0.054239
0.050513
0.049321
0.052739
0.052048
0.050985
0.050457
0.052268
0.057983
0.050662
0.052374
0.055110
0.050565
0.052526
0.057659
0.051858
0.052622
