0.054070
0.060110
0.062517
0.061527
0.049954
0.056250
0.058887
0.060243
0.058007
0.059824
0.051036
0.053040
0.052947
0.051451
0.054228
0.051685
0.051165
0.051240
0.050737
0.054468
0.052958
0.050724
0.055008
0.051445
0.050258
0.051048
0.050765
0.053249
0.050529
0.052441
0.052105
0.053760
0.051501
0.050406
0.051735
0.053053
0.051165
0.050684
0.053786
0.052743
0.054035
0.051178
0.055424
0.053143
0.048044
0.051129
0.051273
0.053424
0.051835
0.052349
0.050484
0.051119
0.052358
0.054732
0.050472
0.050811
0.050236
0.050402
0.050609
0.050970
0.050860
0.050583
0.053114
0.050279
0.050864
0.050795
0.053377
0.052236
0.054059
0.051769
0.052353
0.054109
0.054031
0.055206
0.051751
0.053003
0.050381
0.053705
0.050119
0.050872
0.051197
0.051247
0.054171
0.051379
0.052431
0.050968
0.050102
0.052589
0.050560
0.050859
0.052947
0.050845
0.051747
0.054582
0.050799
0.052485
0.052195
0.051916
0.054065
0.051557
