0.076577
0.075762
0.068280
0.065737
0.067081
0.069052
0.063036
0.062558
0.067549
0.064523
0.062433
0.063689
0.068377
0.062854
0.062494
0.064129
0.066544
0.063012
0.066373
0.064710
0.062495
0.064670
0.066308
0.065495
0.062011
0.063043
0.062832
0.069107
0.063337
0.065130
0.064836
0.067887
0.062998
0.062943
0.067462
0.064633
0.064430
0.070126
0.070568
0.064296
0.064636
0.062932
0.070972
0.063337
0.067132
0.062104
0.067844
0.062091
0.070107
0.064914
0.067900
0.062560
0.064297
0.062611
0.067372
0.064138
0.063393
0.062522
0.067726
0.067101
0.063462
0.063967
0.066584
0.064102
0.062669
0.065213
0.062474
0.064689
0.065624
0.065131
0.063178
0.063888
0.063638
0.065930
0.062134
0.068598
0.063104
0.068224
0.063447
0.068136
0.063370
0.066073
0.062740
0.064440
0.064746
0.064675
0.063476
0.065101
0.065871
0.064673
0.062154
0.064475
0.065439
0.062582
0.063546
0.062910
0.069321
0.061293
0.062581
0.063684
