0.061711
0.067004
0.061480
0.055742
0.054726
0.052009
0.051601
0.055906
0.052475
0.052638
0.054610
0.051677
0.054997
0.056898
0.052471
0.060650
0.055996
0.052506
0.055153
0.053242
0.055822
0.052099
0.054304
0.052123
0.051808
0.053838
0.051832
0.053536
0.051761
0.051730
0.056210
0.052632
0.058238
0.059664
0.052043
0.056741
0.051942
0.053955
0.052954
0.053116
0.051891
0.052372
0.051229
0.055180
0.054199
0.054620
0.053482
0.054840
0.057365
0.056133
0.050708
0.051669
0.051875
0.054576
0.053961
0.051926
0.055518
0.052985
0.052181
0.057702
0.052583
0.054747
0.053895
0.054415
0.057437
0.052341
0.054998
0.052433
0.051981
0.051298
0.051898
0.055413
0.052201
0.055115
0.055589
0.052397
0.054419
0.053699
0.051440
0.054009
0.051625
0.053225
0.052006
0.053913
0.055659
0.052236
0.053412
0.053063
0.055177
0.057220
0.052877
0.058612
0.067321
0.066422
0.060677
0.063234
0.056214
0.056094
0.056036
0.056203
