0.058243
0.056146
0.061985
0.048309
0.048466
0.048390
0.051927
0.047977
0.050362
0.048973
0.051759
0.048269
0.055563
0.050581
0.049655
0.054760
0.048620
0.047566
0.047703
0.048066
0.048567
0.050147
0.048724
0.050543
0.048495
0.049811
0.049547
0.047943
0.048410
0.049971
0.050913
0.050802
0.050097
0.049808
0.047483
0.051066
0.048969
0.050958
0.048879
0.048474
0.048534
0.050803
0.048918
0.049661
0.048061
0.050361
0.049170
0.052165
0.053350
0.047940
0.052946
0.048813
0.052598
0.048257
0.050503
0.050404
0.050184
0.048304
0.049336
0.048997
0.050130
0.049133
0.051410
0.047981
0.048891
0.048187
0.051570
0.048046
0.048174
0.049775
0.048326
0.054285
0.048194
0.053908
0.047664
0.053184
0.047890
0.049272
0.052419
0.063646
0.062379
0.059592
0.058433
0.057988
0.064956
0.057329
0.047154
0.053056
0.049786
0.068471
0.060393
0.052941
0.049054
0.050308
0.048695
0.049377
0.055444
0.049588
0.052237
0.048329
