0.057211
0.059015
0.058820
0.051138
0.051794
0.054689
0.055082
0.057840
0.048523
0.050098
0.047705
0.048528
0.055632
0.048651
0.048201
0.048124
0.049366
0.050173
0.047780
0.053660
0.048978
0.047573
0.049487
0.049910
0.048028
0.050360
0.054246
0.050059
0.049431
0.047710
0.051829
0.047492
0.050981
0.049425
0.048555
0.049943
0.048105
0.048836
0.049854
0.051476
0.051254
0.047965
0.052546
0.051730
0.048774
0.052703
0.047449
0.047614
0.048691
0.047707
0.055354
0.049319
0.049985
0.050265
0.048925
0.052393
0.049790
0.049576
0.051142
0.048198
0.047854
0.051283
0.048192
0.051374
0.049713
0.047643
0.050264
0.049099
0.057218
0.049768
0.050074
0.049009
0.051484
0.048897
0.048291
0.050006
0.050240
0.049877
0.048277
0.049548
0.048769
0.056263
0.048247
0.048287
0.048240
0.049813
0.055596
0.047980
0.056079
0.047933
0.050454
0.049412
0.049217
0.050171
0.048306
0.048480
0.049275
0.048597
0.049105
0.049948
