0.059041
0.060750
0.060350
0.060745
0.054667
0.057211
0.058939
0.055253
0.053970
0.054190
0.056005
0.053688
0.054840
0.054413
0.053452
0.055462
0.052650
0.052023
0.052922
0.056787
0.052243
0.053179
0.056819
0.052450
0.061698
0.054245
0.054935
0.053892
0.053513
0.056016
0.053758
0.054623
0.057383
0.054823
0.053992
0.054115
0.051493
0.052354
0.059408
0.054072
0.053010
0.053679
0.055252
0.055054
0.057279
0.055760
0.053731
0.054892
0.052199
0.055651
0.052204
0.052584
0.054854
0.053808
0.053030
0.054876
0.052685
0.056153
0.051949
0.054348
0.053317
0.053659
0.057054
0.055592
0.055977
0.053574
0.054352
0.055031
0.054859
0.056478
0.054926
0.053781
0.055694
0.055574
0.053797
0.054873
0.052023
0.053113
0.052848
0.053003
0.052716
0.055938
0.052941
0.052109
0.056134
0.052126
0.059067
0.053926
0.054306
0.055521
0.052855
0.055428
0.053839
0.055529
0.052828
0.054557
0.055101
0.053515
0.052502
0.053429
